image: simple_map.pgm
resolution: 0.010000
origin: [-19.200000, -12.800000, 0.000000]
negate: 0
occupied_thresh: 0.65
free_thresh: 0.196

